0 0 0 0
1 20 0 0
2 40 0 0
3 60 0 0
4 80 0 0
5 100 0 0
6 120 0 0
7 140 0 0
8 160 0 0
9 180 0 0
10 200 0 0
11 220 0 0
12 240 0 0
13 260 0 0
14 280 0 0
15 300 0 0
16 320 0 0
17 340 0 0
18 360 0 0
19 380 0 0
20 400 0 0
21 420 0 0
22 440 0 0
23 460 0 0
24 480 0 0
25 500 0 0
26 520 0 0
27 540 0 0
28 560 0 0
29 580 0 0
30 600 0 0
31 620 0 0
32 640 0 0
33 660 0 0
34 10 17.3125 0
35 30 17.3125 0
36 50 17.3125 0
37 70 17.3125 0
38 90 17.3125 0
39 110 17.3125 0
40 130 17.3125 0
41 150 17.3125 0
42 170 17.3125 0
43 190 17.3125 0
44 210 17.3125 0
45 230 17.3125 0
46 250 17.3125 0
47 270 17.3125 0
48 290 17.3125 0
49 310 17.3125 0
50 330 17.3125 0
51 350 17.3125 0
52 370 17.3125 0
53 390 17.3125 0
54 410 17.3125 0
55 430 17.3125 0
56 450 17.3125 0
57 470 17.3125 0
58 490 17.3125 0
59 510 17.3125 0
60 530 17.3125 0
61 550 17.3125 0
62 570 17.3125 0
63 590 17.3125 0
64 610 17.3125 0
65 630 17.3125 0
66 650 17.3125 0
67 0 34.625 0
68 20 34.625 0
69 40 34.625 0
70 60 34.625 0
71 80 34.625 0
72 100 34.625 0
73 120 34.625 0
74 140 34.625 0
75 160 34.625 0
76 180 34.625 0
77 200 34.625 0
78 220 34.625 0
79 240 34.625 0
80 260 34.625 0
81 280 34.625 0
82 300 34.625 0
83 320 34.625 0
84 340 34.625 0
85 360 34.625 0
86 380 34.625 0
87 400 34.625 0
88 420 34.625 0
89 440 34.625 0
90 460 34.625 0
91 480 34.625 0
92 500 34.625 0
93 520 34.625 0
94 540 34.625 0
95 560 34.625 0
96 580 34.625 0
97 600 34.625 0
98 620 34.625 0
99 640 34.625 0
100 660 34.625 0
101 10 51.9375 0
102 30 51.9375 0
103 50 51.9375 0
104 70 51.9375 0
105 90 51.9375 0
106 110 51.9375 0
107 130 51.9375 0
108 150 51.9375 0
109 170 51.9375 0
110 190 51.9375 0
111 210 51.9375 0
112 230 51.9375 0
113 250 51.9375 0
114 270 51.9375 0
115 290 51.9375 0
116 310 51.9375 0
117 330 51.9375 0
118 350 51.9375 0
119 370 51.9375 0
120 390 51.9375 0
121 410 51.9375 0
122 430 51.9375 0
123 450 51.9375 0
124 470 51.9375 0
125 490 51.9375 0
126 510 51.9375 0
127 530 51.9375 0
128 550 51.9375 0
129 570 51.9375 0
130 590 51.9375 0
131 610 51.9375 0
132 630 51.9375 0
133 650 51.9375 0
134 0 69.25 0
135 20 69.25 0
136 40 69.25 0
137 60 69.25 0
138 80 69.25 0
139 100 69.25 0
140 120 69.25 0
141 140 69.25 0
142 160 69.25 0
143 180 69.25 0
144 200 69.25 0
145 220 69.25 0
146 240 69.25 0
147 260 69.25 0
148 280 69.25 0
149 300 69.25 0
150 320 69.25 0
151 340 69.25 0
152 360 69.25 0
153 380 69.25 0
154 400 69.25 0
155 420 69.25 0
156 440 69.25 0
157 460 69.25 0
158 480 69.25 0
159 500 69.25 0
160 520 69.25 0
161 540 69.25 0
162 560 69.25 0
163 580 69.25 0
164 600 69.25 0
165 620 69.25 0
166 640 69.25 0
167 660 69.25 0
168 10 86.5625 0
169 30 86.5625 0
170 50 86.5625 0
171 70 86.5625 0
172 90 86.5625 0
173 110 86.5625 0
174 130 86.5625 0
175 150 86.5625 0
176 170 86.5625 0
177 190 86.5625 0
178 210 86.5625 0
179 230 86.5625 0
180 250 86.5625 0
181 270 86.5625 0
182 290 86.5625 0
183 310 86.5625 0
184 330 86.5625 0
185 350 86.5625 0
186 370 86.5625 0
187 390 86.5625 0
188 410 86.5625 0
189 430 86.5625 0
190 450 86.5625 0
191 470 86.5625 0
192 490 86.5625 0
193 510 86.5625 0
194 530 86.5625 0
195 550 86.5625 0
196 570 86.5625 0
197 590 86.5625 0
198 610 86.5625 0
199 630 86.5625 0
200 650 86.5625 0
201 0 103.875 0
202 20 103.875 0
203 40 103.875 0
204 60 103.875 0
205 80 103.875 0
206 100 103.875 0
207 120 103.875 0
208 140 103.875 0
209 160 103.875 0
210 180 103.875 0
211 200 103.875 0
212 220 103.875 0
213 240 103.875 0
214 260 103.875 0
215 280 103.875 0
216 300 103.875 0
217 320 103.875 0
218 340 103.875 0
219 360 103.875 0
220 380 103.875 0
221 400 103.875 0
222 420 103.875 0
223 440 103.875 0
224 460 103.875 0
225 480 103.875 0
226 500 103.875 0
227 520 103.875 0
228 540 103.875 0
229 560 103.875 0
230 580 103.875 0
231 600 103.875 0
232 620 103.875 0
233 640 103.875 0
234 660 103.875 0
235 10 121.188 0
236 30 121.188 0
237 50 121.188 0
238 70 121.188 0
239 90 121.188 0
240 110 121.188 0
241 130 121.188 0
242 150 121.188 0
243 170 121.188 0
244 190 121.188 0
245 210 121.188 0
246 230 121.188 0
247 250 121.188 0
248 270 121.188 0
249 290 121.188 0
250 310 121.188 0
251 330 121.188 0
252 350 121.188 0
253 370 121.188 0
254 390 121.188 0
255 410 121.188 0
256 430 121.188 0
257 450 121.188 0
258 470 121.188 0
259 490 121.188 0
260 510 121.188 0
261 530 121.188 0
262 550 121.188 0
263 570 121.188 0
264 590 121.188 0
265 610 121.188 0
266 630 121.188 0
267 650 121.188 0
268 0 138.5 0
269 20 138.5 0
270 40 138.5 0
271 60 138.5 0
272 80 138.5 0
273 100 138.5 0
274 120 138.5 0
275 140 138.5 0
276 160 138.5 0
277 180 138.5 0
278 200 138.5 0
279 220 138.5 0
280 240 138.5 0
281 260 138.5 0
282 280 138.5 0
283 300 138.5 0
284 320 138.5 0
285 340 138.5 0
286 360 138.5 0
287 380 138.5 0
288 400 138.5 0
289 420 138.5 0
290 440 138.5 0
291 460 138.5 0
292 480 138.5 0
293 500 138.5 0
294 520 138.5 0
295 540 138.5 0
296 560 138.5 0
297 580 138.5 0
298 600 138.5 0
299 620 138.5 0
300 640 138.5 0
301 660 138.5 0
302 10 155.875 0
303 30 155.875 0
304 50 155.875 0
305 70 155.875 0
306 90 155.875 0
307 110 155.875 0
308 130 155.875 0
309 150 155.875 0
310 170 155.875 0
311 190 155.875 0
312 210 155.875 0
313 230 155.875 0
314 250 155.875 0
315 270 155.875 0
316 290 155.875 0
317 310 155.875 0
318 330 155.875 0
319 350 155.875 0
320 370 155.875 0
321 390 155.875 0
322 410 155.875 0
323 430 155.875 0
324 450 155.875 0
325 470 155.875 0
326 490 155.875 0
327 510 155.875 0
328 530 155.875 0
329 550 155.875 0
330 570 155.875 0
331 590 155.875 0
332 610 155.875 0
333 630 155.875 0
334 650 155.875 0
335 0 173.125 0
336 20 173.125 0
337 40 173.125 0
338 60 173.125 0
339 80 173.125 0
340 100 173.125 0
341 120 173.125 0
342 140 173.125 0
343 160 173.125 0
344 180 173.125 0
345 200 173.125 0
346 220 173.125 0
347 240 173.125 0
348 260 173.125 0
349 280 173.125 0
350 300 173.125 0
351 320 173.125 0
352 340 173.125 0
353 360 173.125 0
354 380 173.125 0
355 400 173.125 0
356 420 173.125 0
357 440 173.125 0
358 460 173.125 0
359 480 173.125 0
360 500 173.125 0
361 520 173.125 0
362 540 173.125 0
363 560 173.125 0
364 580 173.125 0
365 600 173.125 0
366 620 173.125 0
367 640 173.125 0
368 660 173.125 0
369 10 190.5 0
370 30 190.5 0
371 50 190.5 0
372 70 190.5 0
373 90 190.5 0
374 110 190.5 0
375 130 190.5 0
376 150 190.5 0
377 170 190.5 0
378 190 190.5 0
379 210 190.5 0
380 230 190.5 0
381 250 190.5 0
382 270 190.5 0
383 290 190.5 0
384 310 190.5 0
385 330 190.5 0
386 350 190.5 0
387 370 190.5 0
388 390 190.5 0
389 410 190.5 0
390 430 190.5 0
391 450 190.5 0
392 470 190.5 0
393 490 190.5 0
394 510 190.5 0
395 530 190.5 0
396 550 190.5 0
397 570 190.5 0
398 590 190.5 0
399 610 190.5 0
400 630 190.5 0
401 650 190.5 0
402 0 207.75 0
403 20 207.75 0
404 40 207.75 0
405 60 207.75 0
406 80 207.75 0
407 100 207.75 0
408 120 207.75 0
409 140 207.75 0
410 160 207.75 0
411 180 207.75 0
412 200 207.75 0
413 220 207.75 0
414 240 207.75 0
415 260 207.75 0
416 280 207.75 0
417 300 207.75 0
418 320 207.75 0
419 340 207.75 0
420 360 207.75 0
421 380 207.75 0
422 400 207.75 0
423 420 207.75 0
424 440 207.75 0
425 460 207.75 0
426 480 207.75 0
427 500 207.75 0
428 520 207.75 0
429 540 207.75 0
430 560 207.75 0
431 580 207.75 0
432 600 207.75 0
433 620 207.75 0
434 640 207.75 0
435 660 207.75 0
436 10 225.125 0
437 30 225.125 0
438 50 225.125 0
439 70 225.125 0
440 90 225.125 0
441 110 225.125 0
442 130 225.125 0
443 150 225.125 0
444 170 225.125 0
445 190 225.125 0
446 210 225.125 0
447 230 225.125 0
448 250 225.125 0
449 270 225.125 0
450 290 225.125 0
451 310 225.125 0
452 330 225.125 0
453 350 225.125 0
454 370 225.125 0
455 390 225.125 0
456 410 225.125 0
457 430 225.125 0
458 450 225.125 0
459 470 225.125 0
460 490 225.125 0
461 510 225.125 0
462 530 225.125 0
463 550 225.125 0
464 570 225.125 0
465 590 225.125 0
466 610 225.125 0
467 630 225.125 0
468 650 225.125 0
469 0 242.375 0
470 20 242.375 0
471 40 242.375 0
472 60 242.375 0
473 80 242.375 0
474 100 242.375 0
475 120 242.375 0
476 140 242.375 0
477 160 242.375 0
478 180 242.375 0
479 200 242.375 0
480 220 242.375 0
481 240 242.375 0
482 260 242.375 0
483 280 242.375 0
484 300 242.375 0
485 320 242.375 0
486 340 242.375 0
487 360 242.375 0
488 380 242.375 0
489 400 242.375 0
490 420 242.375 0
491 440 242.375 0
492 460 242.375 0
493 480 242.375 0
494 500 242.375 0
495 520 242.375 0
496 540 242.375 0
497 560 242.375 0
498 580 242.375 0
499 600 242.375 0
500 620 242.375 0
501 640 242.375 0
502 660 242.375 0
503 10 259.75 0
504 30 259.75 0
505 50 259.75 0
506 70 259.75 0
507 90 259.75 0
508 110 259.75 0
509 130 259.75 0
510 150 259.75 0
511 170 259.75 0
512 190 259.75 0
513 210 259.75 0
514 230 259.75 0
515 250 259.75 0
516 270 259.75 0
517 290 259.75 0
518 310 259.75 0
519 330 259.75 0
520 350 259.75 0
521 370 259.75 0
522 390 259.75 0
523 410 259.75 0
524 430 259.75 0
525 450 259.75 0
526 470 259.75 0
527 490 259.75 0
528 510 259.75 0
529 530 259.75 0
530 550 259.75 0
531 570 259.75 0
532 590 259.75 0
533 610 259.75 0
534 630 259.75 0
535 650 259.75 0
536 0 277 0
537 20 277 0
538 40 277 0
539 60 277 0
540 80 277 0
541 100 277 0
542 120 277 0
543 140 277 0
544 160 277 0
545 180 277 0
546 200 277 0
547 220 277 0
548 240 277 0
549 260 277 0
550 280 277 0
551 300 277 0
552 320 277 0
553 340 277 0
554 360 277 0
555 380 277 0
556 400 277 0
557 420 277 0
558 440 277 0
559 460 277 0
560 480 277 0
561 500 277 0
562 520 277 0
563 540 277 0
564 560 277 0
565 580 277 0
566 600 277 0
567 620 277 0
568 640 277 0
569 660 277 0
570 10 294.25 0
571 30 294.25 0
572 50 294.25 0
573 70 294.25 0
574 90 294.25 0
575 110 294.25 0
576 130 294.25 0
577 150 294.25 0
578 170 294.25 0
579 190 294.25 0
580 210 294.25 0
581 230 294.25 0
582 250 294.25 0
583 270 294.25 0
584 290 294.25 0
585 310 294.25 0
586 330 294.25 0
587 350 294.25 0
588 370 294.25 0
589 390 294.25 0
590 410 294.25 0
591 430 294.25 0
592 450 294.25 0
593 470 294.25 0
594 490 294.25 0
595 510 294.25 0
596 530 294.25 0
597 550 294.25 0
598 570 294.25 0
599 590 294.25 0
600 610 294.25 0
601 630 294.25 0
602 650 294.25 0
603 0 311.75 0
604 20 311.75 0
605 40 311.75 0
606 60 311.75 0
607 80 311.75 0
608 100 311.75 0
609 120 311.75 0
610 140 311.75 0
611 160 311.75 0
612 180 311.75 0
613 200 311.75 0
614 220 311.75 0
615 240 311.75 0
616 260 311.75 0
617 280 311.75 0
618 300 311.75 0
619 320 311.75 0
620 340 311.75 0
621 360 311.75 0
622 380 311.75 0
623 400 311.75 0
624 420 311.75 0
625 440 311.75 0
626 460 311.75 0
627 480 311.75 0
628 500 311.75 0
629 520 311.75 0
630 540 311.75 0
631 560 311.75 0
632 580 311.75 0
633 600 311.75 0
634 620 311.75 0
635 640 311.75 0
636 660 311.75 0
637 10 329 0
638 30 329 0
639 50 329 0
640 70 329 0
641 90 329 0
642 110 329 0
643 130 329 0
644 150 329 0
645 170 329 0
646 190 329 0
647 210 329 0
648 230 329 0
649 250 329 0
650 270 329 0
651 290 329 0
652 310 329 0
653 330 329 0
654 350 329 0
655 370 329 0
656 390 329 0
657 410 329 0
658 430 329 0
659 450 329 0
660 470 329 0
661 490 329 0
662 510 329 0
663 530 329 0
664 550 329 0
665 570 329 0
666 590 329 0
667 610 329 0
668 630 329 0
669 650 329 0
670 0 346.25 0
671 20 346.25 0
672 40 346.25 0
673 60 346.25 0
674 80 346.25 0
675 100 346.25 0
676 120 346.25 0
677 140 346.25 0
678 160 346.25 0
679 180 346.25 0
680 200 346.25 0
681 220 346.25 0
682 240 346.25 0
683 260 346.25 0
684 280 346.25 0
685 300 346.25 0
686 320 346.25 0
687 340 346.25 0
688 360 346.25 0
689 380 346.25 0
690 400 346.25 0
691 420 346.25 0
692 440 346.25 0
693 460 346.25 0
694 480 346.25 0
695 500 346.25 0
696 520 346.25 0
697 540 346.25 0
698 560 346.25 0
699 580 346.25 0
700 600 346.25 0
701 620 346.25 0
702 640 346.25 0
703 660 346.25 0
704 10 363.5 0
705 30 363.5 0
706 50 363.5 0
707 70 363.5 0
708 90 363.5 0
709 110 363.5 0
710 130 363.5 0
711 150 363.5 0
712 170 363.5 0
713 190 363.5 0
714 210 363.5 0
715 230 363.5 0
716 250 363.5 0
717 270 363.5 0
718 290 363.5 0
719 310 363.5 0
720 330 363.5 0
721 350 363.5 0
722 370 363.5 0
723 390 363.5 0
724 410 363.5 0
725 430 363.5 0
726 450 363.5 0
727 470 363.5 0
728 490 363.5 0
729 510 363.5 0
730 530 363.5 0
731 550 363.5 0
732 570 363.5 0
733 590 363.5 0
734 610 363.5 0
735 630 363.5 0
736 650 363.5 0
737 0 381 0
738 20 381 0
739 40 381 0
740 60 381 0
741 80 381 0
742 100 381 0
743 120 381 0
744 140 381 0
745 160 381 0
746 180 381 0
747 200 381 0
748 220 381 0
749 240 381 0
750 260 381 0
751 280 381 0
752 300 381 0
753 320 381 0
754 340 381 0
755 360 381 0
756 380 381 0
757 400 381 0
758 420 381 0
759 440 381 0
760 460 381 0
761 480 381 0
762 500 381 0
763 520 381 0
764 540 381 0
765 560 381 0
766 580 381 0
767 600 381 0
768 620 381 0
769 640 381 0
770 660 381 0
771 10 398.25 0
772 30 398.25 0
773 50 398.25 0
774 70 398.25 0
775 90 398.25 0
776 110 398.25 0
777 130 398.25 0
778 150 398.25 0
779 170 398.25 0
780 190 398.25 0
781 210 398.25 0
782 230 398.25 0
783 250 398.25 0
784 270 398.25 0
785 290 398.25 0
786 310 398.25 0
787 330 398.25 0
788 350 398.25 0
789 370 398.25 0
790 390 398.25 0
791 410 398.25 0
792 430 398.25 0
793 450 398.25 0
794 470 398.25 0
795 490 398.25 0
796 510 398.25 0
797 530 398.25 0
798 550 398.25 0
799 570 398.25 0
800 590 398.25 0
801 610 398.25 0
802 630 398.25 0
803 650 398.25 0
804 0 415.5 0
805 20 415.5 0
806 40 415.5 0
807 60 415.5 0
808 80 415.5 0
809 100 415.5 0
810 120 415.5 0
811 140 415.5 0
812 160 415.5 0
813 180 415.5 0
814 200 415.5 0
815 220 415.5 0
816 240 415.5 0
817 260 415.5 0
818 280 415.5 0
819 300 415.5 0
820 320 415.5 0
821 340 415.5 0
822 360 415.5 0
823 380 415.5 0
824 400 415.5 0
825 420 415.5 0
826 440 415.5 0
827 460 415.5 0
828 480 415.5 0
829 500 415.5 0
830 520 415.5 0
831 540 415.5 0
832 560 415.5 0
833 580 415.5 0
834 600 415.5 0
835 620 415.5 0
836 640 415.5 0
837 660 415.5 0
838 10 433 0
839 30 433 0
840 50 433 0
841 70 433 0
842 90 433 0
843 110 433 0
844 130 433 0
845 150 433 0
846 170 433 0
847 190 433 0
848 210 433 0
849 230 433 0
850 250 433 0
851 270 433 0
852 290 433 0
853 310 433 0
854 330 433 0
855 350 433 0
856 370 433 0
857 390 433 0
858 410 433 0
859 430 433 0
860 450 433 0
861 470 433 0
862 490 433 0
863 510 433 0
864 530 433 0
865 550 433 0
866 570 433 0
867 590 433 0
868 610 433 0
869 630 433 0
870 650 433 0
871 0 450.25 0
872 20 450.25 0
873 40 450.25 0
874 60 450.25 0
875 80 450.25 0
876 100 450.25 0
877 120 450.25 0
878 140 450.25 0
879 160 450.25 0
880 180 450.25 0
881 200 450.25 0
882 220 450.25 0
883 240 450.25 0
884 260 450.25 0
885 280 450.25 0
886 300 450.25 0
887 320 450.25 0
888 340 450.25 0
889 360 450.25 0
890 380 450.25 0
891 400 450.25 0
892 420 450.25 0
893 440 450.25 0
894 460 450.25 0
895 480 450.25 0
896 500 450.25 0
897 520 450.25 0
898 540 450.25 0
899 560 450.25 0
900 580 450.25 0
901 600 450.25 0
902 620 450.25 0
903 640 450.25 0
904 660 450.25 0
905 10 467.5 0
906 30 467.5 0
907 50 467.5 0
908 70 467.5 0
909 90 467.5 0
910 110 467.5 0
911 130 467.5 0
912 150 467.5 0
913 170 467.5 0
914 190 467.5 0
915 210 467.5 0
916 230 467.5 0
917 250 467.5 0
918 270 467.5 0
919 290 467.5 0
920 310 467.5 0
921 330 467.5 0
922 350 467.5 0
923 370 467.5 0
924 390 467.5 0
925 410 467.5 0
926 430 467.5 0
927 450 467.5 0
928 470 467.5 0
929 490 467.5 0
930 510 467.5 0
931 530 467.5 0
932 550 467.5 0
933 570 467.5 0
934 590 467.5 0
935 610 467.5 0
936 630 467.5 0
937 650 467.5 0
938 0 484.75 0
939 20 484.75 0
940 40 484.75 0
941 60 484.75 0
942 80 484.75 0
943 100 484.75 0
944 120 484.75 0
945 140 484.75 0
946 160 484.75 0
947 180 484.75 0
948 200 484.75 0
949 220 484.75 0
950 240 484.75 0
951 260 484.75 0
952 280 484.75 0
953 300 484.75 0
954 320 484.75 0
955 340 484.75 0
956 360 484.75 0
957 380 484.75 0
958 400 484.75 0
959 420 484.75 0
960 440 484.75 0
961 460 484.75 0
962 480 484.75 0
963 500 484.75 0
964 520 484.75 0
965 540 484.75 0
966 560 484.75 0
967 580 484.75 0
968 600 484.75 0
969 620 484.75 0
970 640 484.75 0
971 660 484.75 0
972 10 502.25 0
973 30 502.25 0
974 50 502.25 0
975 70 502.25 0
976 90 502.25 0
977 110 502.25 0
978 130 502.25 0
979 150 502.25 0
980 170 502.25 0
981 190 502.25 0
982 210 502.25 0
983 230 502.25 0
984 250 502.25 0
985 270 502.25 0
986 290 502.25 0
987 310 502.25 0
988 330 502.25 0
989 350 502.25 0
990 370 502.25 0
991 390 502.25 0
992 410 502.25 0
993 430 502.25 0
994 450 502.25 0
995 470 502.25 0
996 490 502.25 0
997 510 502.25 0
998 530 502.25 0
999 550 502.25 0
1000 570 502.25 0
1001 590 502.25 0
1002 610 502.25 0
1003 630 502.25 0
1004 650 502.25 0
1005 0 519.5 0
1006 20 519.5 0
1007 40 519.5 0
1008 60 519.5 0
1009 80 519.5 0
1010 100 519.5 0
1011 120 519.5 0
1012 140 519.5 0
1013 160 519.5 0
1014 180 519.5 0
1015 200 519.5 0
1016 220 519.5 0
1017 240 519.5 0
1018 260 519.5 0
1019 280 519.5 0
1020 300 519.5 0
1021 320 519.5 0
1022 340 519.5 0
1023 360 519.5 0
1024 380 519.5 0
1025 400 519.5 0
1026 420 519.5 0
1027 440 519.5 0
1028 460 519.5 0
1029 480 519.5 0
1030 500 519.5 0
1031 520 519.5 0
1032 540 519.5 0
1033 560 519.5 0
1034 580 519.5 0
1035 600 519.5 0
1036 620 519.5 0
1037 640 519.5 0
1038 660 519.5 0
